              precision    recall  f1-score   support

           1       1.00      1.00      1.00        72
           2       1.00      1.00      1.00        63
           3       0.69      0.71      0.70        70
           4       1.00      1.00      1.00        65
           5       1.00      1.00      1.00        71
           6       1.00      1.00      1.00        68
           7       1.00      1.00      1.00        62
           8       0.71      0.69      0.70        72
           9       1.00      1.00      1.00        69

    accuracy                           0.93       612
   macro avg       0.93      0.93      0.93       612
weighted avg       0.93      0.93      0.93       612
